
SYS:
fdd90000:  00008001 40176786 7fffffff 00000000
fdd90010:  00000000 00000000 00000000 00000000
fdd90020:  00000000 e0000010 00000020 00600000
fdd90030:  10000000 0000007f 10100000 00000000
fdd90040:  70680000 10000030 00000000 00000000
fdd90050:  00000000 00000000 00000000 00000000
fdd90060:  01197f02 00000022 00000000 00000000
fdd90070:  68c208c2 60000000 60000000 60000000
fdd90080:  00000002 00000000 00000000 00000104
fdd90090:  00000002 00000000 00000000 00000004
fdd900a0:  00000030 00000000 00000000 0000028f
fdd900b0:  00000000 00000000 00000000 00000023
fdd900c0:  00000000 00000000 00000000 00000000
fdd900d0:  00000000 00000000 00000000 00000121
fdd900e0:  00000000 00000000 00000000 0000000d
fdd900f0:  00000000 00000000 00000000 00000000
fdd90100:  00000000 00000000 00000000 00000000
fdd90110:  00000000 00000000 00000000 00000000
fdd90120:  00000000 00000000 00000000 00000000
fdd90130:  00000000 00000000 00000000 00000000
fdd90140:  00000000 00000000 00000000 00000000
fdd90150:  00000000 00000000 00000000 00000000
fdd90160:  00000000 00000000 00000000 00000000
fdd90170:  00000000 00000000 00000000 00000000
fdd90180:  00000000 00000000 00000000 00000000
fdd90190:  00000000 00000000 00000000 00000000
fdd901a0:  00000000 00000000 00000000 00000000
fdd901b0:  00000000 00000000 00000000 00000000
fdd901c0:  00000000 00000000 00000000 00000000
fdd901d0:  00000000 00000000 00000000 00000000
fdd901e0:  00000000 00000000 00000000 00000000
fdd901f0:  00000000 00000000 00000000 00000000

OVL:
fdd90600:  00000011 75643102 e4e47531 00000000
fdd90610:  000001a1 00ff0061 00000020 00000074
fdd90620:  00000000 00000000 00000000 00000000
fdd90630:  00000000 00000000 00000000 00000000
fdd90640:  00000000 00000000 00000000 00000000
fdd90650:  00000020 00ff0060 00000020 00000074
fdd90660:  00000000 00000000 00000000 00000000
fdd90670:  00000000 00000000 00000000 00000000
fdd90680:  00000000 00000000 00000000 00000000
fdd90690:  00000000 00000000 00000000 00000000
fdd906a0:  00000000 00000000 00000000 00000000
fdd906b0:  00000000 00000000 00000000 00000000
fdd906c0:  00ff0124 00ff0060 00000024 00000074
fdd906d0:  00000000 00000000 00000000 00000000
fdd906e0:  35000000 31000000 33000000 33000000
fdd906f0:  04040404 04040404 17171724 00000000
fdd90700:  00000000 00000000 00000000 00000000
fdd90710:  00000000 00000000 00000000 00000000
fdd90720:  00000000 00000000 00000000 00000000
fdd90730:  00000000 00000000 00000000 00000000
fdd90740:  00000000 00000000 00000000 00000000
fdd90750:  00000000 00000000 00000000 00000000
fdd90760:  00000000 00000000 00000000 00000000
fdd90770:  00000000 00000000 00000000 00000000
fdd90780:  00000000 00000000 00000000 00000000
fdd90790:  00000000 00000000 00000000 00000000
fdd907a0:  00000000 00000000 00000000 00000000
fdd907b0:  00000000 00000000 00000000 00000000
fdd907c0:  00000000 00000000 00000000 00000000
fdd907d0:  00000000 00000000 00000000 00000000
fdd907e0:  00000000 00000000 00000000 00000000
fdd907f0:  00000000 00000000 00000000 00000000

VP0:
fdd90c00:  00000009 00000000 00000000 00000002
fdd90c10:  00000210 00000000 00000000 00000000
fdd90c20:  00000000 00000000 00000000 20010200
fdd90c30:  07b40058 00000000 00000000 00000000
fdd90c40:  00000000 00000000 157c0058 01801080
fdd90c50:  08ca000a 005208c2 00000000 00000000
fdd90c60:  000000cc 00000000 00000000 00000000
fdd90c70:  00000000 00000000 00000000 00000000
fdd90c80:  00000000 00000000 00000000 00000000
fdd90c90:  00000000 00000000 00000000 00000000
fdd90ca0:  12844821 21488412 a55a9696 5aa56969
fdd90cb0:  deb77bed ed7bb7de 00000000 00000000
fdd90cc0:  00000000 00000000 00000000 00000000
fdd90cd0:  00000000 00000000 00000000 00000000
fdd90ce0:  00000000 00000000 00000000 00000000
fdd90cf0:  000009e8 00000000 00000000 00000000
fdd90d00:  8000000f 00000000 00000000 00000000
fdd90d10:  00000210 00000000 00000000 00000000
fdd90d20:  00000000 00000000 00000000 a0080200
fdd90d30:  00000000 00000000 00000000 00000000
fdd90d40:  00000000 00000000 032000c8 01900258
fdd90d50:  00fa000a 000a00fa 00000000 00000000
fdd90d60:  00000000 00000000 00000000 00000000
fdd90d70:  00000000 00000000 00000000 00000000
fdd90d80:  15110903 00030911 1a150b04 00040b15
fdd90d90:  15110903 00030911 00000000 00000000
fdd90da0:  00000000 00000000 00000000 00000000
fdd90db0:  00000000 00000000 00000000 00000000
fdd90dc0:  00000000 00000000 00000000 00000000
fdd90dd0:  00000000 00000000 00000000 00000000
fdd90de0:  00000000 00000000 00000000 00000000
fdd90df0:  00001e24 00000000 00000000 00000000

VP1:
fdd90d00:  8000000f 00000000 00000000 00000000
fdd90d10:  00000210 00000000 00000000 00000000
fdd90d20:  00000000 00000000 00000000 a0080200
fdd90d30:  00000000 00000000 00000000 00000000
fdd90d40:  00000000 00000000 032000c8 01900258
fdd90d50:  00fa000a 000a00fa 00000000 00000000
fdd90d60:  00000000 00000000 00000000 00000000
fdd90d70:  00000000 00000000 00000000 00000000
fdd90d80:  15110903 00030911 1a150b04 00040b15
fdd90d90:  15110903 00030911 00000000 00000000
fdd90da0:  00000000 00000000 00000000 00000000
fdd90db0:  00000000 00000000 00000000 00000000
fdd90dc0:  00000000 00000000 00000000 00000000
fdd90dd0:  00000000 00000000 00000000 00000000
fdd90de0:  00000000 00000000 00000000 00000000
fdd90df0:  00001e24 00000000 00000000 00000000
fdd90e00:  8000000f 00000000 00000000 00000000
fdd90e10:  00000210 00000000 00000000 00000000
fdd90e20:  00000000 00000000 00000000 a0080200
fdd90e30:  00000000 00000000 00000000 00000000
fdd90e40:  00000000 00000000 032000c8 01900258
fdd90e50:  00fa000a 000a00fa 00000000 00000000
fdd90e60:  00000000 00000000 00000000 00000000
fdd90e70:  00000000 00000000 00000000 00000000
fdd90e80:  00000000 00000000 00000000 00000000
fdd90e90:  00000000 00000000 00000000 00000000
fdd90ea0:  12844821 21488412 a55a9696 5aa56969
fdd90eb0:  deb77bed ed7bb7de 00000000 00000000
fdd90ec0:  00000000 00000000 00000000 00000000
fdd90ed0:  00000000 00000000 00000000 00000000
fdd90ee0:  00000000 00000000 00000000 00000000
fdd90ef0:  00001eb6 00000000 00000000 00000000

VP2:
fdd90e00:  8000000f 00000000 00000000 00000000
fdd90e10:  00000210 00000000 00000000 00000000
fdd90e20:  00000000 00000000 00000000 a0080200
fdd90e30:  00000000 00000000 00000000 00000000
fdd90e40:  00000000 00000000 032000c8 01900258
fdd90e50:  00fa000a 000a00fa 00000000 00000000
fdd90e60:  00000000 00000000 00000000 00000000
fdd90e70:  00000000 00000000 00000000 00000000
fdd90e80:  00000000 00000000 00000000 00000000
fdd90e90:  00000000 00000000 00000000 00000000
fdd90ea0:  12844821 21488412 a55a9696 5aa56969
fdd90eb0:  deb77bed ed7bb7de 00000000 00000000
fdd90ec0:  00000000 00000000 00000000 00000000
fdd90ed0:  00000000 00000000 00000000 00000000
fdd90ee0:  00000000 00000000 00000000 00000000
fdd90ef0:  00001eb6 00000000 00000000 00000000
fdd90f00:  8000000f 00000000 00000000 00000000
fdd90f10:  00000010 00000000 00000000 00000000
fdd90f20:  00000000 00000000 00000000 a0080200
fdd90f30:  00000000 00000000 00000000 00000000
fdd90f40:  00000000 00000000 032000c8 01900258
fdd90f50:  00fa000a 000a00fa 00000000 00000000
fdd90f60:  00000000 00000000 00000000 00000000
fdd90f70:  00000000 00000000 00000000 00000000
fdd90f80:  00000000 00000000 00000000 00000000
fdd90f90:  00000000 00000000 00000000 00000000
fdd90fa0:  12844821 21488412 a55a9696 5aa56969
fdd90fb0:  deb77bed ed7bb7de 00000000 00000000
fdd90fc0:  00000000 00000000 00000000 00000000
fdd90fd0:  00000000 00000000 00000000 00000000
fdd90fe0:  00000000 00000000 00000000 00000000
fdd90ff0:  00000536 00000000 00000000 00000000

VP3:
fdd90f00:  8000000f 00000000 00000000 00000000
fdd90f10:  00000010 00000000 00000000 00000000
fdd90f20:  00000000 00000000 00000000 a0080200
fdd90f30:  00000000 00000000 00000000 00000000
fdd90f40:  00000000 00000000 032000c8 01900258
fdd90f50:  00fa000a 000a00fa 00000000 00000000
fdd90f60:  00000000 00000000 00000000 00000000
fdd90f70:  00000000 00000000 00000000 00000000
fdd90f80:  00000000 00000000 00000000 00000000
fdd90f90:  00000000 00000000 00000000 00000000
fdd90fa0:  12844821 21488412 a55a9696 5aa56969
fdd90fb0:  deb77bed ed7bb7de 00000000 00000000
fdd90fc0:  00000000 00000000 00000000 00000000
fdd90fd0:  00000000 00000000 00000000 00000000
fdd90fe0:  00000000 00000000 00000000 00000000
fdd90ff0:  00000536 00000000 00000000 00000000
fdd91000:  00000000 00000000 00000000 00000000
fdd91010:  00000000 00000000 00000000 00000000
fdd91020:  00000000 00000000 00000000 00000000
fdd91030:  00000000 00000000 00000000 00000000
fdd91040:  00000000 00000000 00000000 00000000
fdd91050:  00000000 00000000 00000000 00000000
fdd91060:  00000000 00000000 00000000 00000000
fdd91070:  00000000 00000000 00000000 00000000
fdd91080:  00000000 00000000 00000000 00000000
fdd91090:  00000000 00000000 00000000 00000000
fdd910a0:  00000000 00000000 00000000 00000000
fdd910b0:  00000000 00000000 00000000 00000000
fdd910c0:  00000000 00000000 00000000 00000000
fdd910d0:  00000000 00000000 00000000 00000000
fdd910e0:  00000000 00000000 00000000 00000000
fdd910f0:  00000000 00000000 00000000 00000000

Cluster0:
fdd91000:  00000000 00000000 00000000 00000000
fdd91010:  00000000 00000000 00000000 00000000
fdd91020:  00000000 00000000 00000000 00000000
fdd91030:  00000000 00000000 00000000 00000000
fdd91040:  00000000 00000000 00000000 00000000
fdd91050:  00000000 00000000 00000000 00000000
fdd91060:  00000000 00000000 00000000 00000000
fdd91070:  00000000 00000000 00000000 00000000
fdd91080:  00000000 00000000 00000000 00000000
fdd91090:  00000000 00000000 00000000 00000000
fdd910a0:  00000000 00000000 00000000 00000000
fdd910b0:  00000000 00000000 00000000 00000000
fdd910c0:  00000000 00000000 00000000 00000000
fdd910d0:  00000000 00000000 00000000 00000000
fdd910e0:  00000000 00000000 00000000 00000000
fdd910f0:  00000000 00000000 00000000 00000000
fdd91100:  00000000 00000000 00000000 00000000
fdd91110:  00000000 00000000 00000000 00000000
fdd91120:  00000000 00000000 00000000 00000000
fdd91130:  00000000 00000000 00000000 00000000
fdd91140:  00000000 00000000 00000000 00000000
fdd91150:  00000000 00000000 00000000 00000000
fdd91160:  00000000 00000000 00000000 00000000
fdd91170:  00000000 00000000 00000000 00000000
fdd91180:  00000000 00000000 00000000 00000000
fdd91190:  00000000 00000000 00000000 00000000
fdd911a0:  00000000 00000000 00000000 00000000
fdd911b0:  00000000 00000000 00000000 00000000
fdd911c0:  00000000 00000000 00000000 00000000
fdd911d0:  00000000 00000000 00000000 00000000
fdd911e0:  00000000 00000000 00000000 00000000
fdd911f0:  00000000 00000000 00000000 00000000

Cluster1:
fdd91200:  00000000 00000000 00000000 00000000
fdd91210:  00000000 00000000 00000000 00000000
fdd91220:  00000000 00000000 00000000 00000000
fdd91230:  00000000 00000000 00000000 00000000
fdd91240:  00000000 00000000 00000000 00000000
fdd91250:  00000000 00000000 00000000 00000000
fdd91260:  00000000 00000000 00000000 00000000
fdd91270:  00000000 00000000 00000000 00000000
fdd91280:  00000000 00000000 00000000 00000000
fdd91290:  00000000 00000000 00000000 00000000
fdd912a0:  00000000 00000000 00000000 00000000
fdd912b0:  00000000 00000000 00000000 00000000
fdd912c0:  00000000 00000000 00000000 00000000
fdd912d0:  00000000 00000000 00000000 00000000
fdd912e0:  00000000 00000000 00000000 00000000
fdd912f0:  00000000 00000000 00000000 00000000
fdd91300:  00000000 00000000 00000000 00000000
fdd91310:  00000000 00000000 00000000 00000000
fdd91320:  00000000 00000000 00000000 00000000
fdd91330:  00000000 00000000 00000000 00000000
fdd91340:  00000000 00000000 00000000 00000000
fdd91350:  00000000 00000000 00000000 00000000
fdd91360:  00000000 00000000 00000000 00000000
fdd91370:  00000000 00000000 00000000 00000000
fdd91380:  00000000 00000000 00000000 00000000
fdd91390:  00000000 00000000 00000000 00000000
fdd913a0:  00000000 00000000 00000000 00000000
fdd913b0:  00000000 00000000 00000000 00000000
fdd913c0:  00000000 00000000 00000000 00000000
fdd913d0:  00000000 00000000 00000000 00000000
fdd913e0:  00000000 00000000 00000000 00000000
fdd913f0:  00000000 00000000 00000000 00000000

Cluster2:
fdd91400:  00000000 00000000 00000000 00000000
fdd91410:  00000000 00000000 00000000 00000000
fdd91420:  00000000 00000000 00000000 00000000
fdd91430:  00000000 00000000 00000000 00000000
fdd91440:  00000000 00000000 00000000 00000000
fdd91450:  00000000 00000000 00000000 00000000
fdd91460:  00000000 00000000 00000000 00000000
fdd91470:  00000000 00000000 00000000 00000000
fdd91480:  00000000 00000000 00000000 00000000
fdd91490:  00000000 00000000 00000000 00000000
fdd914a0:  00000000 00000000 00000000 00000000
fdd914b0:  00000000 00000000 00000000 00000000
fdd914c0:  00000000 00000000 00000000 00000000
fdd914d0:  00000000 00000000 00000000 00000000
fdd914e0:  00000000 00000000 00000000 00000000
fdd914f0:  00000000 00000000 00000000 00000000
fdd91500:  00000000 00000000 00000000 00000000
fdd91510:  00000000 00000000 00000000 00000000
fdd91520:  00000000 00000000 00000000 00000000
fdd91530:  00000000 00000000 00000000 00000000
fdd91540:  00000000 00000000 00000000 00000000
fdd91550:  00000000 00000000 00000000 00000000
fdd91560:  00000000 00000000 00000000 00000000
fdd91570:  00000000 00000000 00000000 00000000
fdd91580:  00000000 00000000 00000000 00000000
fdd91590:  00000000 00000000 00000000 00000000
fdd915a0:  00000000 00000000 00000000 00000000
fdd915b0:  00000000 00000000 00000000 00000000
fdd915c0:  00000000 00000000 00000000 00000000
fdd915d0:  00000000 00000000 00000000 00000000
fdd915e0:  00000000 00000000 00000000 00000000
fdd915f0:  00000000 00000000 00000000 00000000

Cluster3:
fdd91600:  00000000 00000000 00000000 00000000
fdd91610:  00000000 00000000 00000000 00000000
fdd91620:  00000000 00000000 00000000 00000000
fdd91630:  00000000 00000000 00000000 00000000
fdd91640:  00000000 00000000 00000000 00000000
fdd91650:  00000000 00000000 00000000 00000000
fdd91660:  00000000 00000000 00000000 00000000
fdd91670:  00000000 00000000 00000000 00000000
fdd91680:  00000000 00000000 00000000 00000000
fdd91690:  00000000 00000000 00000000 00000000
fdd916a0:  00000000 00000000 00000000 00000000
fdd916b0:  00000000 00000000 00000000 00000000
fdd916c0:  00000000 00000000 00000000 00000000
fdd916d0:  00000000 00000000 00000000 00000000
fdd916e0:  00000000 00000000 00000000 00000000
fdd916f0:  00000000 00000000 00000000 00000000
fdd91700:  00000000 00000000 00000000 00000000
fdd91710:  00000000 00000000 00000000 00000000
fdd91720:  00000000 00000000 00000000 00000000
fdd91730:  00000000 00000000 00000000 00000000
fdd91740:  00000000 00000000 00000000 00000000
fdd91750:  00000000 00000000 00000000 00000000
fdd91760:  00000000 00000000 00000000 00000000
fdd91770:  00000000 00000000 00000000 00000000
fdd91780:  00000000 00000000 00000000 00000000
fdd91790:  00000000 00000000 00000000 00000000
fdd917a0:  00000000 00000000 00000000 00000000
fdd917b0:  00000000 00000000 00000000 00000000
fdd917c0:  00000000 00000000 00000000 00000000
fdd917d0:  00000000 00000000 00000000 00000000
fdd917e0:  00000000 00000000 00000000 00000000
fdd917f0:  00000000 00000000 00000000 00000000

Esmart0:
fdd91800:  00000000 0000b0a0 00000000 00000000
fdd91810:  00010029 17b56000 184fc000 04c004c0
fdd91820:  081f0eff 081b0eff 002a0000 00000000
fdd91830:  00005564 10070000 802f7ff7 00000000
fdd91840:  00000000 00000000 00000000 00000000
fdd91850:  00000000 00000000 00000000 00000000
fdd91860:  00000000 10001000 10001000 00000000
fdd91870:  00000000 00000000 00000000 00000000
fdd91880:  00000000 00000000 00000000 00000000
fdd91890:  00000000 10001000 10001000 00000000
fdd918a0:  00000000 00000000 00000000 00000000
fdd918b0:  00000000 00000000 00000000 00000000
fdd918c0:  00000000 10001000 10001000 00000000
fdd918d0:  00000000 00000000 00000000 00000000
fdd918e0:  00000000 00000000 00000000 00000000
fdd918f0:  000000b4 00000000 00000000 00000000
fdd91900:  00000000 00000000 00000000 00000000
fdd91910:  00000000 00000000 00000000 00000000
fdd91920:  00000000 00000000 00000000 00000000
fdd91930:  00000000 00000000 00000000 00000000
fdd91940:  00000000 00000000 00000000 00000000
fdd91950:  00000000 00000000 00000000 00000000
fdd91960:  00000000 00000000 00000000 00000000
fdd91970:  00000000 00000000 00000000 00000000
fdd91980:  00000000 00000000 00000000 00000000
fdd91990:  00000000 00000000 00000000 00000000
fdd919a0:  00000000 00000000 00000000 00000000
fdd919b0:  00000000 00000000 00000000 00000000
fdd919c0:  00000000 00000000 00000000 00000000
fdd919d0:  00000000 00000000 00000000 00000000
fdd919e0:  00000000 00000000 00000000 00000000
fdd919f0:  00000000 00000000 00000000 00000000

Esmart1:
fdd91a00:  00000000 0000b0a0 00000000 00000000
fdd91a10:  00000000 00000000 00000000 00000000
fdd91a20:  00000000 00000000 00000000 00000000
fdd91a30:  00000000 10001000 10001000 00000000
fdd91a40:  00000000 00000000 00000000 00000000
fdd91a50:  00000000 00000000 00000000 00000000
fdd91a60:  00000000 10001000 10001000 00000000
fdd91a70:  00000000 00000000 00000000 00000000
fdd91a80:  00000000 00000000 00000000 00000000
fdd91a90:  00000000 10001000 10001000 00000000
fdd91aa0:  00000000 00000000 00000000 00000000
fdd91ab0:  00000000 00000000 00000000 00000000
fdd91ac0:  00000000 10001000 10001000 00000000
fdd91ad0:  00000000 00000000 00000000 00000000
fdd91ae0:  00000000 00000000 00000000 00000000
fdd91af0:  0000006c 00000000 00000000 00000000
fdd91b00:  00000000 00000000 00000000 00000000
fdd91b10:  00000000 00000000 00000000 00000000
fdd91b20:  00000000 00000000 00000000 00000000
fdd91b30:  00000000 00000000 00000000 00000000
fdd91b40:  00000000 00000000 00000000 00000000
fdd91b50:  00000000 00000000 00000000 00000000
fdd91b60:  00000000 00000000 00000000 00000000
fdd91b70:  00000000 00000000 00000000 00000000
fdd91b80:  00000000 00000000 00000000 00000000
fdd91b90:  00000000 00000000 00000000 00000000
fdd91ba0:  00000000 00000000 00000000 00000000
fdd91bb0:  00000000 00000000 00000000 00000000
fdd91bc0:  00000000 00000000 00000000 00000000
fdd91bd0:  00000000 00000000 00000000 00000000
fdd91be0:  00000000 00000000 00000000 00000000
fdd91bf0:  00000000 00000000 00000000 00000000

Esmart2:
fdd91c00:  00000000 0000d0c0 00000002 00000000
fdd91c10:  00000000 00000000 00000000 00000000
fdd91c20:  00000000 00000000 00000000 00000000
fdd91c30:  00000000 10001000 10001000 00000000
fdd91c40:  00000000 00000000 00000000 00000000
fdd91c50:  00000000 00000000 00000000 00000000
fdd91c60:  00000000 10001000 10001000 00000000
fdd91c70:  00000000 00000000 00000000 00000000
fdd91c80:  00000000 00000000 00000000 00000000
fdd91c90:  00000000 10001000 10001000 00000000
fdd91ca0:  00000000 00000000 00000000 00000000
fdd91cb0:  00000000 00000000 00000000 00000000
fdd91cc0:  00000000 10001000 10001000 00000000
fdd91cd0:  00000000 00000000 00000000 00000000
fdd91ce0:  00000000 00000000 00000000 00000000
fdd91cf0:  0000006e 00000000 00000000 00000000
fdd91d00:  00000000 00000000 00000000 00000000
fdd91d10:  00000000 00000000 00000000 00000000
fdd91d20:  00000000 00000000 00000000 00000000
fdd91d30:  00000000 00000000 00000000 00000000
fdd91d40:  00000000 00000000 00000000 00000000
fdd91d50:  00000000 00000000 00000000 00000000
fdd91d60:  00000000 00000000 00000000 00000000
fdd91d70:  00000000 00000000 00000000 00000000
fdd91d80:  00000000 00000000 00000000 00000000
fdd91d90:  00000000 00000000 00000000 00000000
fdd91da0:  00000000 00000000 00000000 00000000
fdd91db0:  00000000 00000000 00000000 00000000
fdd91dc0:  00000000 00000000 00000000 00000000
fdd91dd0:  00000000 00000000 00000000 00000000
fdd91de0:  00000000 00000000 00000000 00000000
fdd91df0:  00000000 00000000 00000000 00000000

Esmart3:
fdd91e00:  00000000 0000d0c0 00000002 00000000
fdd91e10:  00000000 00000000 00000000 00000000
fdd91e20:  00000000 00000000 00000000 00000000
fdd91e30:  00000000 10001000 10001000 00000000
fdd91e40:  00000000 00000000 00000000 00000000
fdd91e50:  00000000 00000000 00000000 00000000
fdd91e60:  00000000 10001000 10001000 00000000
fdd91e70:  00000000 00000000 00000000 00000000
fdd91e80:  00000000 00000000 00000000 00000000
fdd91e90:  00000000 10001000 10001000 00000000
fdd91ea0:  00000000 00000000 00000000 00000000
fdd91eb0:  00000000 00000000 00000000 00000000
fdd91ec0:  00000000 10001000 10001000 00000000
fdd91ed0:  00000000 00000000 00000000 00000000
fdd91ee0:  00000000 00000000 00000000 00000000
fdd91ef0:  0000002d 00000000 00000000 00000000
fdd91f00:  00000000 00000000 00000000 00000000
fdd91f10:  00000000 00000000 00000000 00000000
fdd91f20:  00000000 00000000 00000000 00000000
fdd91f30:  00000000 00000000 00000000 00000000
fdd91f40:  00000000 00000000 00000000 00000000
fdd91f50:  00000000 00000000 00000000 00000000
fdd91f60:  00000000 00000000 00000000 00000000
fdd91f70:  00000000 00000000 00000000 00000000
fdd91f80:  00000000 00000000 00000000 00000000
fdd91f90:  00000000 00000000 00000000 00000000
fdd91fa0:  00000000 00000000 00000000 00000000
fdd91fb0:  00000000 00000000 00000000 00000000
fdd91fc0:  00000000 00000000 00000000 00000000
fdd91fd0:  00000000 00000000 00000000 00000000
fdd91fe0:  00000000 00000000 00000000 00000000
fdd91ff0:  00000000 00000000 00000000 00000000

HDR:
fdd92000:  00000000 00000000 00000000 00000000
fdd92010:  00000100 00000000 00000300 00000300
fdd92020:  00000100 00000000 06640000 00000000
fdd92030:  00000000 00000000 00000000 00000287
fdd92040:  000003b1 000004e6 00000625 0000076f
fdd92050:  000008c1 00390a1a 01270b7c 02640ce3
fdd92060:  040c0e50 06420fc3 0936113a 0b6012b5
fdd92070:  0d261433 0eae15b4 100a1737 114618bd
fdd92080:  12681a43 14731bbc 16441d22 17ea1e73
fdd92090:  196d1fae 1c2720d2 1e9421de 20c622d1
fdd920a0:  22cc23ab 266f246b 29ac250f 2c9b2598
fdd920b0:  2f4d2603 34292651 387b2680 3fff2690
fdd920c0:  00000000 00000700 00000e00 00000d90
fdd920d0:  00000ada 00000823 0000056d 000002b6
fdd920e0:  00000000 00000000 00000000 00000000
fdd920f0:  00000000 0a70000b 0e38002d 1304006b
fdd92100:  190000cc 20500152 25400201 290c02dc
fdd92110:  334803e6 39f80521 3f04068f 4c3c0832
fdd92120:  54a00a0d 5adc0c22 5fdc0e72 640410ff
fdd92130:  679c13ca 6ac416d6 70201a24 74981db5
fdd92140:  786c218b 7bc42391 7ec425a8 817427d1
fdd92150:  83e82a0c 86282c59 8a2c2eb8 8db0312b
fdd92160:  90d033b0 939c3647 988038f2 9cac3bb0
fdd92170:  a04c3e82 a3843ff1 a6684166 a90442e0
fdd92180:  ab6c445f afac45e2 b360476b b6a448f9
fdd92190:  b9944a8b bc3c4c23 bea84dbf c0e44f61
fdd921a0:  c2f45108 c4e452b4 c6b05464 c9f8561a
fdd921b0:  ccec57d6 cf9458b5 d2045996 d43c5a78
fdd921c0:  d6505b5c d83c5c40 da045d26 dd4c5e0e
fdd921d0:  e0385ef6 e2dc5fe0 e54460cb e98461b8
fdd921e0:  ed3062a6 f3486395 f83c6485 fc646577
fdd921f0:  fffc6666 00000000 00000000 00000000
